44.4
31
34.6
24.3
7.1
22.2
61.8
80.7
78.5
97.8
14.3
99.8
76
81.5
26.5
74.2
9.6
32.4
22.9
19.1
12.1
93.5
62.3
82
20.9
1.5
85
45.1
3.8
78.1
3.2
4.2
10.8
8.2
49.8
65.2
69.9
87.3
84
24.5
1.7
92.8
77.7
51.2
15.9
14.8
82
82.2
58.1
77.8
71.4
22
53.1
24
83
47.5
29.9
75.6
76.7
91.1
8.7
61.2
27.3
87.5
34.6
45.5
10.7
98.4
29.4
6.2
26.3
49.5
92.7
13
56.6
11.4
13.4
7
67.4
78.4
10.3
11
43.1
36.4
87.4
36.3
47.8
20.1
15.6
11.1
42.4
87.6
98.6
48.8
92.6
72.2
2.5
75.7
49.3
21.6
58.9
2.7
47.2
49.4
60.2
37.3
87.7
11.5
23.1
55.6
90.9
70.2
15.7
89.4
13.2
0.3
71.4
80.9
77.1
85.9
94.3
92.1
0.5
18.5
67.4
91.7
53.2
1
11.2
36.4
4.9
47.5
43
46.2
61.2
62.7
7.6
40.9
62.9
34.1
85.6
38.8
40.1
11.1
33.7
28.7
36.5
64
55.1
52.9
43.4
28.2
21.9
61.5
28.5
16.3
21.6
3.3
97.4
65.2
14.3
71
20.5
82.8
46.5
49.1
1.7
95.4
46.6
9.6
52.7
91.5
83.5
39.2
61.6
14.7
1.7
78.1
73
1.1
47
65.1
80
75.6
17.7
53.1
66.4
46
91.7
34.5
93.1
32.6
38.2
20.3
75.1
35.2
24.2
75.4
12.1
82.1
40.7
2.6
84.1
8.7
90.5
32.6
96.7
82.6
79.2
50.4
76.7
29.2
89.4
56.3
7
35.9
78.9
6.4
42.6
41.3
61.6
21.9
43.3
96.4
58.8
81.6
87
38.8
66.6
81.6
36.8
25.6
10.3
80.2
50.2
37.3
0.8
73.3
14.1
17.2
19.8
58.6
60.8
34.9
94.7
57
88.2
49.8
18.9
2
3
83.3
50.8
46.4
29.6
88.8
66.8
6.7
46.2
58
12.5
23
49.2
98.7
53
39.7
92.5
60.3
83.9
59.3
27
13.3
98
72.7
64
89.6
97.2
76.7
36.4
66
27.6
99.1
81.1
14.6
22.6
29.9
26.3
95.6
15.9
73.9
50.3
56.9
27.4
46.6
59.3
6.8
71.7
9.4
68.6
20.1
54
40
45.7
8
7.2
39.9
97.7
8.6
32.5
92.3
20
81.3
7.2
47.6
18.9
19.2
21.1
4.6
99.3
26.6
47.8
67.6
65.5
72.9
82.7
92.2
19.3
45.7
68.4
55.8
64.6
11.7
37.7
4.6
32.2
94.9
0.1
27.8
37.2
67.1
69
74.8
85.1
67.5
68.4
44.4
0.7
21.8
74.5
26.7
60.3
38
34.6
30.3
18
95.9
62.1
79.9
92.7
5.2
73.9
96.6
56.8
16.2
43.2
89.3
15
16.2
46.8
77.6
48.2
55.2
45.4
62
33.7
2.7
68.9
33.6
17.9
58.2
43
68.1
80.6
13.8
86
94.7
15.9
49
35.1
2.9
30.5
28.8
56.3
74.5
14.5
89.7
85.7
68.7
45.3
95.2
76.1
19.1
42
3.7
32.8
46.4
63.6
13.1
39.9
96.3
76.5
63.1
95.3
30
69.5
24.5
18.5
88
16.3
38.8
1.6
62.6
63.7
87.4
19.5
60.5
21.3
9.8
58.9
60.7
17.5
72.5
80
96.6
4.6
96.7
22.1
74.7
38.1
44.9
97.4
5
79.4
38.7
5.8
17.2
35.9
58.6
2.4
64.8
40.1
15.4
72.1
4.2
3.8
24.2
52.9
74.1
95.2
20
62.7
23.8
79.3
66.3
39
43.1
91
45.5
52.9
30.7
49.4
59.1
35.3
84
97.7
82.1
94.5
9.5
38.5
58.7
58.3
8.1
64.6
17.6
7.9
75.7
5.4
10
19.7
22.8
4.4
79
62.1
76
16.6
30.4
92
28.6
48.5
24.6
96.9
65.1
85.7
93.6
74.5
24
19.5
81.1
96.9
34.5
47.6
39.9
58.7
47.7
64.1
15.2
22.2
65.7
59.8
15.6
25.9
16.7
47.9
30.3
10.4
8
32
1.3
19.9
50.6
72.7
48.5
49.4
54
24
46
61.5
99.8
16.9
52.9
46.2
89.8
12
21.2
91.3
20.4
40.8
59.1
34.3
54.1
35
13.7
67.2
57.4
41.9
15.7
74.4
18.6
46.9
70.8
15
2.7
11.1
49.5
26.5
8.2
7.1
11.5
33.8
11.7
30.6
14.4
82.2
42.8
24.5
66.9
55.8
46.8
81.7
16.8
54.4
22.2
46.3
37.1
1
10.1
78.5
87
9
88.5
47.7
24.2
75.3
73.7
22.9
65.9
13.9
91.1
72
95.5
80.5
9
82.6
22.2
78
29.5
69.6
80.5
29.3
2.3
42.9
32.7
58.5
19.2
55.6
7.7
71.6
97.6
65.9
50.3
82.9
21.1
85.1
48.6
6.2
22.8
21.4
7.1
82.8
13.7
44.3
25.8
89.4
74.4
46.4
50
3.1
31.9
24.2
55
34.7
78.6
84.7
39.6
16.5
55
78
28.9
7.4
74.3
78.4
33.4
47.6
23.1
48
1.3
60.1
91.6
68.2
14.4
39.9
45.7
2.5
37.9
80.3
14
39.9
44.6
67.7
57.6
50
51.2
41.4
58.1
28.2
46.8
41.3
85.5
20.4
56
89
11.8
21.5
66.9
75.3
57.7
85.8
39.6
54.7
88.2
21.6
50.4
29.8
10.9
14.6
2.4
89.5
32
72.9
99.7
74.6
76
16.5
38
64.8
5.5
64.7
0.5
47
95.2
28.9
18.7
14.2
80.6
1.9
86.8
88.2
40.4
78
27.2
9.4
28.3
43
19.1
42.6
5
15.3
40.9
25.2
67.9
3.3
7.1
16.9
48.4
29.7
88.8
11.8
64.4
48.3
97.2
1.2
65.6
25.7
97.1
29.4
30.2
70.9
76.6
40.4
32.9
3.2
60.4
41.4
20.1
59
84
72.9
28.8
58.5
1.7
41.3
19.1
24.5
49.4
71.3
33.4
6.3
40.7
17.3
40.8
83.4
88.7
25.6
5.3
93.8
22.7
93.2
50.7
89
81.3
33.5
87.1
60
90
93.1
58.8
7.9
35.3
15.3
68.1
51.1
48.5
85.8
62.6
50.6
91.6
63.9
27.3
11.8
5.4
49.6
32.6
15.9
41
12.2
43.6
5.1
61.2
42.5
20.2
71.2
28.6
43.8
10.4
26.7
10.7
83.4
35.8
13.9
81.6
91.4
42.8
68.5
90
82.2
54.6
74.5
92.7
43.2
23.1
70.3
48.5
27.3
4.1
12.5
19.5
9.3
3.9
68.5
39
8.4
56.2
29.9
52.4
3.5
45.5
9.3
31.8
28.7
81.1
72
48.3
13.2
63.3
49.4
84.7
0.2
92.9
93.6
53.9
71.8
26.2
43.9
73.2
96.4
65
7.3
6
17.9
6.7
75.2
76.6
34
57
16.1
29
61.7
24.7
17.7
81.5
4.6
86.1
11.2
83.9
13.9
48.8
31.6
64.8
97.2
98.5
85.9
5.8
38.2
55.5
79.6
21.5
34.7
46.6
51
27.4
71.7
52.3
3.9
73.2
43.3
18.8
2.5
78
57.4
48.9
22.1
24.7
80.3
55.1
5.4
95.6
61.9
31.6
20.4
69.3
27.9
91.1
14
74.4
56.4
65
95.1
39.5
64.4
6.1
80.3
98.1
4.1
10.5
38.9
88.7
70.2
99.6
2.5
60
51.7
40.6
19
73.5
26.1
57.7
36.7
0
88
65.8
41.4
96.1
86.7
48
72
2.3
38.4
21.9
26.6
96.3
77.5
12.3
64.4
53.5
27.1
83.8
25.9
32.3
26.2
55
92.9
73.2
3.6
91
92
35.1
45.9
34
15
67.2
11
63.8
30.7
3.6
79
7.3
19.2
6.2
31.9
4.5
89.1
97.7
90.3
49.8
23.6
0.6
66.5
26.8
62.9
5.3