46.7
22.1
7.5
71.8
70.6
95.5
55.2
48.7
98.9
50.1
2.7
17.6
25.1
91
27.7
44.3
54.8
96.1
54
49.6
18.6
62.6
41
43.9
30.3
10.4
53.7
62.8
70.5
81.8
52.7
23.8
96.2
19
44
26.2
69
88
51.2
49.3
77.9
17.2
86
13.8
37.4
6
71.2
48.9
54
21.8
92
12.1
40.1
71.1
85
76.4
31.4
97.9
26
78.3
56.6
5.9
18.6
99.4
78.2
74
72.7
84.3
40.5
56.7
28.3
91.9
79
81.5
50.9
20.6
95.6
38.4
84.7
90.2
61.5
32.4
4.8
99.6
24.7
73.4
40.6
15.1
57.6
28.7
55.9
66.1
27.6
17.1
45.9
25.6
24.9
40
78.1
76.2
99.1
58.1
18.3
63.5
70.1
34.7
92.2
80.1
8.7
34.3
9.9
60.3
69.2
66.7
44.4
1.3
96.9
34.4
84.7
41.4
41.5
84.3
28.4
57.6
14.1
42.3
51.2
8
6.4
19
21
93.7
31
83.5
29.4
22
99.6
56.9
22.3
68.6
56
11.7
64
79
46.8
21.7
70.6
36.1
46.9
17.8
43.1
98.5
97.6
74.1
71.2
8.8
4.1
35.8
91.5
91
65.4
9.6
82.6
37.1
17.6
9.1
97.9
8.6
66.4
18.7
77.8
17.3
49.3
54.3
20.5
83.7
61.2
73.3
90.3
24.8
21.5
21.9
45.9
17.1
63.5
0.2
13.8
26.5
23
8.5
77.3
32.8
35.8
33.8
21.8
86.4
43.7
13.8
88.1
51.1
18.4
96.4
22.2
99.7
54.9
92.3
2.4
21.9
82.4
67.5
64.3
50
12.5
0
98.2
4.7
8
1
74.2
27
11.9
63.3
95.6
54
90.2
37.7
27.7
67
55.9
92.3
71.6
22.9
96.3
61.2
27
2.8
11.5
3.7
1.8
89.4
80.6
3.7
66.2
99.1
41.2
26.5
88.9
96.7
72.8
11.2
50.6
90.2
31.4
21.5
4
81.6
88.4
95.4
6.5
27.9
39.4
64.9
3.1
68.7
71
79.1
46
83.9
16.6
66.2
18.7
8.9
83.3
13.1
50.3
41.9
47.7
69
18.7
29.9
17.9
11.5
31.6
45.9
55.3
71.5
63.9
84.6
34.8
40.5
91.3
74
90.3
92.1
33.1
50.2
30.3
18.1
12.5
12.9
78.3
44.3
14.9
92.9
79.2
86
17
12.9
56.4
20.9
25.3
91.6
88.1
69.2
28.4
71.9
17.6
52.4
45.4
85.6
28.1
46.7
83
57.9
14.9
80.9
52.4
47.3
85.9
45.6
3.7
25.2
85.9
56.2
74.1
58.4
64.6
52.8
66.9
87
90.8
19.3
44.7
36.9
88.3
47.1
50.2
63.7
54
69.8
13.7
34
35.6
78.1
47.7
81.8
37.3
33.1
72.1
63
54
51.7
35.6
44.9
86.6
69.2
45.3
82.1
42.2
82.9
29.6
79.7
69.2
0.1
85.3
53
26.4
49.1
70.5
2.9
11.1
13.9
74.7
90.8
59.2
58
88.9
59.9
54.2
50.9
75.3
31.3
59
14.2
78.6
43.9
39.8
98.6
55
34.6
13.4
58.3
34.8
63.8
30.5
27.7
21.1
11.2
91.7
14.1
46.9
11.5
17.1
3.4
54.8
90.7
82.9
72.8
19.7
8.1
5.8
10.6
99.1
10.2
51.7
64.7
86.7
34.6
88.8
80.4
28.1
61.2
72.6
31.3
25.1
96
79.6
8.8
80.9
21.1
96.5
80.4
12.6
90.2
4.1
47.4
94
47.8
98
61.4
21.7
6.1
63.5
31.3
86.2
26.4
89.8
68.3
25.1
58.9
82.5
66.8
17.3
46.6
95.7
92.8
16.8
21.9
65.3
75.1
57.3
85.7
12.6
0.7
17
18.9
15.4
27.5
49.3
53.6
32.7
65.8
95.6
79.3
39.6
64.7
60.2
96.4
8.8
61.5
59.1
24.6
68.3
11.9
28.6
66.2
13.1
60.1
69.1
74.9
98.8
58
40.6
34
6.7
25.5
30.1
44.8
4.7
68.4
24.6
96.9
17.8
50.6
0.4
47.8
15.7
60.7
15.4
8.2
93.3
39.3
35.3
74.1
43.4
28.9
80.4
8.7
33.9
35.5
35.5
35.2
44.5
62
41
34.6
55.3
9.2
9.5
86.2
29.4
71.9
38.9
58.3
90.6
60.8
81.5
80.7
42.2
89.3
64.3
69
49.1
14.8
66
62.8
14.3
57.5
64.8
80.7
14.1
85.7
36.7
24.9
60.4
14.6
89.6
48.8
67.3
96.5
15.8
33
43.3
87
11.7
19.5
60.4
24.9
73.8
80.5
14.4
62.6
30
94.7
25.3
35.1
53.8
23.7
11
9.2
29.8
99
84.3
91.7
24.1
43
65.7
46.6
67.1
45.5
84.2
86.7
1.9
86.4
71.7
39
75.8
42.1
14.3
69
4.4
80.2
21.9
70
20.7
85.6
0.1
45.3
32.2
17.3
79.6
56.7
47
18.3
36.9
3
3.5
14.6
14.4
69.6
52.4
42.2
78.8
57.2
72.4
18.3
83.4
62
76.3
95.2
72.8
53.8
85.7
56
4.5
86.6
32.1
60
21.7
24.3
43.2
48.6
68.3
8.5
96.3
57.8
53.2
48.9
82.5
91.6
30.7
94.2
10.6
24.1
23.1
76.8
43.7
97.4
40.5
9.6
61.6
56.6
29.5
57.1
62.8
49.2
78.3
7.8
49.3
72.4
36.8
94.2
25.1
96.5
97.5
53
71
28.2
67.6
15.9
86.6
73.6
11.2
57
68.9
36.4
77.3
36.3
74.2
20.3
37.4
33.1
84.2
65.3
0.3
32.6
49.5
55.1
90.2
73.8
41.2
62.8
45.1
73.9
83.4
95.3
20.8
86.6
42.3
59.4
36.3
33.8
48.8
99.8
0.4
48.3
86.1
11.3
14.7
55.7
83
22.3
30.8
11.3
64
19
13.2
38.3
92.9
4.2
66.2
85.4
15.9
88.9
38.3
79.1
45.3
24.5
14.5
0.8
57
78.2
24.9
35.7
10.1
61.6
44.9
81.1
48.1
93.6
64.4
7.9
77.3
36.1
70.7
69.9
57
1.1
69.8
50.9
80.2
8.6
11.9
87.1
10
97.6
4.6
87.4
91.3
25.3
60.5
92.9
47.5
3.6
33.3
47.5
65.5
41.8
96.9
39.8
61.6
84.8
44.3
52.7
47.9
0.9
76.4
81.3
41.6
91.5
89.9
92.7
46.4
35.5
63.5
53.6
63
46.8
13.8
95.2
28.8
72.4
44.5
80.6
41.1
13.2
62.5
89.1
39.5
56.4
52.9
83.5
51.9
75.5
80.3
77.8
71.1
64.7
6.4
53.9
68.8
82
76.3
91.7
0.9
74.2
61.7
68.2
86.5
77.6
18.5
26.1
8.3
9.7
39.4
66.7
33
90.1
24.3
28.4
33.2
77.4
59.7
6.8
92.6
16.1
43.5
4.1
90.3
18.9
28.5
89.3
85.9
74.1
64.2
86.7
57.5
43.8
64.2
66.6
38.5
19.1
82.4
32.2
89.1
1.9
88.2
82.5
73.8
87.8
63.5
87
40.1
88.4
33.7
12.1
42.4
4.6
60.6
48.9
39.1
71.7
44.3
5.9
14.2
7.7
69.7
97.9
78.7
65.3
44.9
86.8
65
14.5
26.4
27.8
16.8
45.2
3
81.7
94.9
94.3
36.3
24.6
81.1
29.7
71.5
68.6
5.4
14.3
49.1
1.7
91.9
29.4
1
64.8
51.8
63.7
54.8
5.7
29.4
16.2
1.4
89.8
71.5
94.2
96.7
89.9
46.8
33
28.7
0
8.3
19.4
3.5
1.3
11.7
37.5
54.8
75.7
33.9
49.9
17.8
68.5
56.4
67.6
3.7
68.3
31.8
77.4
65
19.8
0.7
93.4
35.1
83.1
90.2
2.9
22.1
75
77.2
66.2
62.5
96.3
75.5
79
56.9
20.6
8.6
62.5
87.5
16.7
29.9
37.1
42.4
33.1
58.9
3
86.1
65.3
77.5
5.5
96.6
93.4
92.7
51.1
4
8.3
39.7
36.3
