56.6
11.4
13.4
7
67.4
78.4
10.3
11
43.1
36.4
87.4
36.3
47.8
20.1
15.6
11.1
42.4
87.6
98.6
48.8
92.6
72.2
2.5
75.7
49.3
21.6
58.9
2.7
47.2
49.4
60.2
37.3
87.7
11.5
23.1
55.6
90.9
70.2
15.7
89.4
13.2
0.3
71.4
80.9
77.1
85.9
94.3
92.1
0.5
18.5
67.4
91.7
53.2
1
11.2
36.4
4.9
47.5
43
46.2
61.2
62.7
7.6
40.9
62.9
34.1
85.6
38.8
40.1
11.1
33.7
28.7
36.5
64
55.1
52.9
43.4
28.2
21.9
61.5
28.5
16.3
21.6
3.3
97.4
65.2
14.3
71
20.5
82.8
46.5
49.1
1.7
95.4
46.6
9.6
52.7
91.5
83.5
39.2
61.6
14.7
1.7
78.1
73
1.1
47
65.1
80
75.6
17.7
53.1
66.4
46
91.7
34.5
93.1
32.6
38.2
20.3
75.1
35.2
24.2
75.4
12.1
82.1
40.7
2.6
84.1
8.7
90.5
32.6
96.7
82.6
79.2
50.4
76.7
29.2
89.4
56.3
7
35.9
78.9